24.787437155561904,120.99785695252352,2
24.78815768761169,120.9952546207767,2
24.78778254562329,120.99853537285463,2
24.78778254562329,120.99853537285463,2
24.78774765539979,120.9984793489294,2
24.78774765539979,120.9984793489294,2
24.78774765539979,120.9984793489294,2
24.787654461104275,120.99832028738248,2
24.787654461104275,120.99832028738248,2
24.787654461104275,120.99832028738248,2
24.787654461104275,120.99832028738248,2
24.787654461104275,120.99832028738248,2
24.787654461104275,120.99832028738248,2
24.789244082119588,120.99796288601188,2
24.789244082119588,120.99796288601188,2
24.789244082119588,120.99796288601188,2
24.78756836080338,120.99817775992504,2
24.78756836080338,120.99817775992504,2
24.78843251470868,120.99526178614488,2
24.78843251470868,120.99526178614488,2
24.78843251470868,120.99526178614488,2
24.78843251470868,120.99526178614488,2
24.78756836080338,120.99817775992504,2
24.78756836080338,120.99817775992504,2
24.78756836080338,120.99817775992504,2
24.78756836080338,120.99817775992504,2
24.78753440256049,120.99812154662922,2
24.78753440256049,120.99812154662922,2
24.78753440256049,120.99812154662922,2
24.78753440256049,120.99812154662922,2
24.78815768761169,120.9952546207767,2
24.78753440256049,120.99812154662922,2
24.78780955252357,120.99857906808894,2
24.78780955252357,120.99857906808894,2
24.7879279948225,120.99876998682343,2
24.7879279948225,120.99876998682343,2
24.787870777301794,120.9952476320176,2
24.787870777301794,120.9952476320176,2
24.787870777301794,120.9952476320176,2
24.7879279948225,120.99876998682343,2
24.7879279948225,120.99876998682343,2
24.7879279948225,120.99876998682343,2
24.7879279948225,120.99876998682343,2
24.7879279948225,120.99876998682343,2
24.7879279948225,120.99876998682343,2
24.78948817301889,120.99766548658144,2
24.78948817301889,120.99766548658144,2
24.78944825135552,120.99771286424944,2
24.78944825135552,120.99771286424944,2
24.787866359738008,120.99867034719536,2
24.787866359738008,120.99867034719536,2
24.787866359738008,120.99867034719536,2
24.78944825135552,120.99771286424944,2
24.78944825135552,120.99771286424944,2
24.78944825135552,120.99771286424944,2
24.787866359738008,120.99867034719536,2
24.787866359738008,120.99867034719536,2
24.789410117308723,120.99775943908712,2
24.789410117308723,120.99775943908712,2
24.789410117308723,120.99775943908712,2
24.789410117308723,120.99775943908712,2
24.789410117308723,120.99775943908712,2
24.789410117308723,120.99775943908712,2
24.78780955252357,120.99857906808894,2
24.7879279948225,120.99876998682343,2
24.78753440256049,120.99812154662922,2
24.78753440256049,120.99812154662922,2
24.787657401782845,120.99586896893878,2
24.787437155561904,120.99785695252352,2
24.787437155561904,120.99785695252352,2
24.787437155561904,120.99785695252352,2
24.787437155561904,120.99785695252352,2
24.787437155561904,120.99785695252352,2
24.787437155561904,120.99785695252352,2
24.788842321340827,120.99527318206128,2
24.788842321340827,120.99527318206128,2
24.788842321340827,120.99527318206128,2
24.78743522755225,120.99779727716948,2
24.78743522755225,120.99779727716948,2
24.78743522755225,120.99779727716948,2
24.78890869967353,120.99527519804168,2
24.78890869967353,120.99527519804168,2
24.78890869967353,120.99527519804168,2
24.78743522755225,120.99779727716948,2
24.78743522755225,120.99779727716948,2
24.78743522755225,120.99779727716948,2
24.787428262362955,120.99769530136142,2
24.787428262362955,120.99769530136142,2
24.787428262362955,120.99769530136142,2
24.787428262362955,120.99769530136142,2
24.787428262362955,120.99769530136142,2
24.787428262362955,120.99769530136142,2
24.787428262362955,120.99769530136142,2
24.788920420324114,120.99835145787908,2
24.788920420324114,120.99835145787908,2
24.788920420324114,120.99835145787908,2
24.787437155561904,120.99785695252352,2
24.78753440256049,120.99812154662922,2
24.787437155561904,120.99785695252352,2
24.787437155561904,120.99785695252352,2
24.7885629578427,120.9952652289052,2
24.789068330282596,120.99817316041565,2
24.789068330282596,120.99817316041565,2
24.789068330282596,120.99817316041565,2
24.788633908196964,120.9952672514945,2
24.788633908196964,120.9952672514945,2
24.787447399987144,120.99803105231454,2
24.789068330282596,120.99817316041565,2
24.789068330282596,120.99817316041565,2
24.789068330282596,120.99817316041565,2
24.788633908196964,120.9952672514945,2
24.788633908196964,120.9952672514945,2
24.788633908196964,120.9952672514945,2
24.78744409287409,120.9979748492602,2
24.78744409287409,120.9979748492602,2
24.78744409287409,120.9979748492602,2
24.78744074661322,120.99791798094324,2
24.78744074661322,120.99791798094324,2
24.78869964843383,120.99526920136948,2
24.78869964843383,120.99526920136948,2
24.78869964843383,120.99526920136948,2
24.78869964843383,120.99526920136948,2
24.78900020831644,120.9982551548242,2
24.78900020831644,120.9982551548242,2
24.78900020831644,120.9982551548242,2
24.787437155561904,120.99785695252352,2
24.787437155561904,120.99785695252352,2
24.787437155561904,120.99785695252352,2
24.787437155561904,120.99785695252352,2
24.787437155561904,120.99785695252352,2
24.787428262362955,120.99769530136142,2
24.787447399987144,120.99803105231454,2
24.787961142687703,120.99882427500542,2
24.78959375506804,120.99685999112828,2
24.78959375506804,120.99685999112828,2
24.787675988709044,120.99551380282432,2
24.787675988709044,120.99551380282432,2
24.787675988709044,120.99551380282432,2
24.788359322037916,120.99944140770116,2
24.788359322037916,120.99944140770116,2
24.788359322037916,120.99944140770116,2
24.788322679536112,120.99940150916042,2
24.788322679536112,120.99940150916042,2
24.78966393440349,120.99711568209696,2
24.78966393440349,120.99711568209696,2
24.78966393440349,120.99711568209696,2
24.787685275035948,120.99535936181594,2
24.787685275035948,120.99535936181594,2
24.787685275035948,120.99535936181594,2
24.787732550362826,120.9952580400831,2
24.787732550362826,120.9952580400831,2
24.787732550362826,120.9952580400831,2
24.787732550362826,120.9952580400831,2
24.787732550362826,120.9952580400831,2
24.787732550362826,120.9952580400831,2
24.78828868107328,120.99935558644714,2
24.78828868107328,120.99935558644714,2
24.78828868107328,120.99935558644714,2
24.78825656719996,120.99930544341208,2
24.78825656719996,120.99930544341208,2
24.78825656719996,120.99930544341208,2
24.78825656719996,120.99930544341208,2
24.78959375506804,120.99685999112828,2
24.78825656719996,120.99930544341208,2
24.78959375506804,120.99685999112828,2
24.78959375506804,120.99685999112828,2
24.787657401782845,120.99586896893878,2
24.787657401782845,120.99586896893878,2
24.787657401782845,120.99586896893878,2
24.789575066273027,120.9967290678621,2
24.789575066273027,120.9967290678621,2
24.789575066273027,120.9967290678621,2
24.789575066273027,120.9967290678621,2
24.789575066273027,120.9967290678621,2
24.789575066273027,120.9967290678621,2
24.78765849725428,120.99582222996388,2
24.78765849725428,120.99582222996388,2
24.78765849725428,120.99582222996388,2
24.78765849725428,120.99582222996388,2
24.78765849725428,120.99582222996388,2
24.78765849725428,120.99582222996388,2
24.78765849725428,120.99582222996388,2
24.78765849725428,120.99582222996388,2
24.78765976013974,120.9957664187406,2
24.78765976013974,120.9957664187406,2
24.78765976013974,120.9957664187406,2
24.78765976013974,120.9957664187406,2
24.78765976013974,120.9957664187406,2
24.78765976013974,120.9957664187406,2
24.78959375506804,120.99685999112828,2
24.78959375506804,120.99685999112828,2
24.78959375506804,120.99685999112828,2
24.78959375506804,120.99685999112828,2
24.78959375506804,120.99685999112828,2
24.78959375506804,120.99685999112828,2
24.78959375506804,120.99685999112828,2
24.787961142687703,120.99882427500542,2
24.78825656719996,120.99930544341208,2
24.78825656719996,120.99930544341208,2
24.78809854860073,120.9990493390823,2
24.78809854860073,120.9990493390823,2
24.78809854860073,120.9990493390823,2
24.78809854860073,120.9990493390823,2
24.788057931530584,120.9989833547596,2
24.788057931530584,120.9989833547596,2
24.78968833543351,120.9974038044076,2
24.78968833543351,120.9974038044076,2
24.78968833543351,120.9974038044076,2
24.78967001722373,120.99745569218624,2
24.78967001722373,120.99745569218624,2
24.78967001722373,120.99745569218624,2
24.78967001722373,120.99745569218624,2
24.78967001722373,120.99745569218624,2
24.78967001722373,120.99745569218624,2
24.78967001722373,120.99745569218624,2
24.788057931530584,120.9989833547596,2
24.788057931530584,120.9989833547596,2
24.788057931530584,120.9989833547596,2
24.787991279491283,120.99887417955338,2
24.787991279491283,120.99887417955338,2
24.787991279491283,120.99887417955338,2
24.787991279491283,120.99887417955338,2
24.78783973178787,120.99524710789832,2
24.78783973178787,120.99524710789832,2
24.78783973178787,120.99524710789832,2
24.78783973178787,120.99524710789832,2
24.787961142687703,120.99882427500542,2
24.787447399987144,120.99803105231454,2
24.78809854860073,120.9990493390823,2
24.78825656719996,120.99930544341208,2
24.78809854860073,120.9990493390823,2
24.78809854860073,120.9990493390823,2
24.78825656719996,120.99930544341208,2
24.78825656719996,120.99930544341208,2
24.78825656719996,120.99930544341208,2
24.78825656719996,120.99930544341208,2
24.78825656719996,120.99930544341208,2
24.78825656719996,120.99930544341208,2
24.789717253342797,120.99726032308686,2
24.789717253342797,120.99726032308686,2
24.789717253342797,120.99726032308686,2
24.789717253342797,120.99726032308686,2
24.789717253342797,120.99726032308686,2
24.789717253342797,120.99726032308686,2
24.789717253342797,120.99726032308686,2
24.789717253342797,120.99726032308686,2
24.789717253342797,120.99726032308686,2
24.78809854860073,120.9990493390823,2
24.78809854860073,120.9990493390823,2
24.78809854860073,120.9990493390823,2
24.78809854860073,120.9990493390823,2
24.78809854860073,120.9990493390823,2
24.78809854860073,120.9990493390823,2
24.78809854860073,120.9990493390823,2
24.78968833543351,120.9974038044076,2
24.78968833543351,120.9974038044076,2
24.78968833543351,120.9974038044076,2
24.78809854860073,120.9990493390823,2
24.78809854860073,120.9990493390823,2
24.78809854860073,120.9990493390823,2
24.78809854860073,120.9990493390823,2
24.78809854860073,120.9990493390823,2
24.787428262362955,120.99769530136142,2
24.787657401782845,120.99586896893878,2
24.787405769544332,120.99764078332772,2
24.78751694537928,120.99682394756525,2
24.78751694537928,120.99682394756525,2
24.78751694537928,120.99682394756525,2
24.78751694537928,120.99682394756525,2
24.78753138768521,120.99677303461937,2
24.78753138768521,120.99677303461937,2
24.78753138768521,120.99677303461937,2
24.78753138768521,120.99677303461937,2
24.78753138768521,120.99677303461937,2
24.78753138768521,120.99677303461937,2
24.78753138768521,120.99677303461937,2
24.78753138768521,120.99677303461937,2
24.78753138768521,120.99677303461937,2
24.787547261120174,120.996714785506,2
24.787547261120174,120.996714785506,2
24.787547261120174,120.996714785506,2
24.787547261120174,120.996714785506,2
24.78759079983232,120.99654556934956,2
24.78759079983232,120.99654556934956,2
24.78759079983232,120.99654556934956,2
24.78759079983232,120.99654556934956,2
24.78759079983232,120.99654556934956,2
24.78759079983232,120.99654556934956,2
24.78759079983232,120.99654556934956,2
24.78759079983232,120.99654556934956,2
24.787600982528936,120.99648774704704,2
24.787600982528936,120.99648774704704,2
24.787600982528936,120.99648774704704,2
24.787600982528936,120.99648774704704,2
24.78751694537928,120.99682394756525,2
24.787600982528936,120.99648774704704,2
24.78751694537928,120.99682394756525,2
24.78751694537928,120.99682394756525,2
24.78874280981535,120.99872885370633,2
24.788735070160527,120.99878705759804,2
24.78748674898,120.9969559186489,2
24.78748674898,120.9969559186489,2
24.78748674898,120.9969559186489,2
24.78748674898,120.9969559186489,2
24.78748674898,120.9969559186489,2
24.78748674898,120.9969559186489,2
24.78748674898,120.9969559186489,2
24.78748674898,120.9969559186489,2
24.78748674898,120.9969559186489,2
24.787499023893066,120.99689933342214,2
24.787499023893066,120.99689933342214,2
24.787499023893066,120.99689933342214,2
24.787499023893066,120.99689933342214,2
24.787499023893066,120.99689933342214,2
24.787405769544332,120.99764078332772,2
24.787499023893066,120.99689933342214,2
24.787499023893066,120.99689933342214,2
24.787499023893066,120.99689933342214,2
24.787499023893066,120.99689933342214,2
24.78751694537928,120.99682394756525,2
24.78872101293586,120.99889247115917,2
24.78872101293586,120.99889247115917,2
24.78872101293586,120.99889247115917,2
24.78751694537928,120.99682394756525,2
24.78751694537928,120.99682394756525,2
24.78751694537928,120.99682394756525,2
24.78751694537928,120.99682394756525,2
24.78751694537928,120.99682394756525,2
24.787600982528936,120.99648774704704,2
24.787600982528936,120.99648774704704,2
24.787600982528936,120.99648774704704,2
24.7876367861354,120.99622942368045,2
24.7876367861354,120.99622942368045,2
24.7876367861354,120.99622942368045,2
24.787645691069823,120.99617920255793,2
24.787645691069823,120.99617920255793,2
24.78765191243405,120.99609847402178,2
24.78765191243405,120.99609847402178,2
24.78765191243405,120.99609847402178,2
24.78765191243405,120.99609847402178,2
24.78765191243405,120.99609847402178,2
24.78765191243405,120.99609847402178,2
24.78765191243405,120.99609847402178,2
24.78765191243405,120.99609847402178,2
24.789544321461836,120.99648126077976,2
24.789544321461836,120.99648126077976,2
24.789544321461836,120.99648126077976,2
24.789544321461836,120.99648126077976,2
24.78765191243405,120.99609847402178,2
24.78765191243405,120.99609847402178,2
24.78765191243405,120.99609847402178,2
24.78954878221101,120.9965358530929,2
24.78954878221101,120.9965358530929,2
24.78954878221101,120.9965358530929,2
24.787653422421467,120.99604006162193,2
24.787653422421467,120.99604006162193,2
24.787653422421467,120.99604006162193,2
24.78765475761216,120.99598129898725,2
24.78765475761216,120.99598129898725,2
24.78765475761216,120.99598129898725,2
24.7876367861354,120.99622942368045,2
24.78762789798424,120.9962935999881,2
24.78762789798424,120.9962935999881,2
24.78762789798424,120.9962935999881,2
24.787600982528936,120.99648774704704,2
24.787600982528936,120.99648774704704,2
24.787600982528936,120.99648774704704,2
24.787600982528936,120.99648774704704,2
24.787600982528936,120.99648774704704,2
24.787610337087017,120.99641905563657,2
24.787610337087017,120.99641905563657,2
24.787610337087017,120.99641905563657,2
24.787610337087017,120.99641905563657,2
24.787610337087017,120.99641905563657,2
24.78953367983366,120.99606931456722,2
24.78953367983366,120.99606931456722,2
24.78953367983366,120.99606931456722,2
24.78953367983366,120.99606931456722,2
24.78874280981535,120.99872885370633,2
24.787610337087017,120.99641905563657,2
24.787610337087017,120.99641905563657,2
24.787619513961637,120.99635286428143,2
24.787619513961637,120.99635286428143,2
24.787619513961637,120.99635286428143,2
24.787619513961637,120.99635286428143,2
24.787619513961637,120.99635286428143,2
24.787619513961637,120.99635286428143,2
24.787619513961637,120.99635286428143,2
24.787619513961637,120.99635286428143,2
24.787619513961637,120.99635286428143,2
24.78762789798424,120.9962935999881,2
24.78762789798424,120.9962935999881,2
24.78762789798424,120.9962935999881,2
24.78762789798424,120.9962935999881,2
24.787610337087017,120.99641905563657,2
24.78747627623947,120.9970295790638,2
24.787499023893066,120.99689933342214,2
24.78745701727638,120.99716843175804,2
24.78745701727638,120.99716843175804,2
24.787413994261765,120.99752904411778,2
24.787413994261765,120.99752904411778,2
24.78745701727638,120.99716843175804,2
24.78745701727638,120.99716843175804,2
24.78745701727638,120.99716843175804,2
24.78747627623947,120.9970295790638,2
24.78745701727638,120.99716843175804,2
24.787423590956493,120.99743080372474,2
24.787423590956493,120.99743080372474,2
24.787423590956493,120.99743080372474,2
24.787423590956493,120.99743080372474,2
24.7888852532636,120.99839089186824,2
24.7888852532636,120.99839089186824,2
24.787467369993703,120.99709490275887,2
24.787467369993703,120.99709490275887,2
24.787423590956493,120.99743080372474,2
24.7888852532636,120.99839089186824,2
24.78745701727638,120.99716843175804,2
24.788757983074603,120.99861627667588,2
24.787447911996374,120.997235142933,2
24.787447911996374,120.997235142933,2
24.787447911996374,120.997235142933,2
24.78743151349856,120.99736325025944,2
24.78743151349856,120.99736325025944,2
24.78743151349856,120.99736325025944,2
24.787413994261765,120.99752904411778,2
24.78745701727638,120.99716843175804,2
24.787447911996374,120.997235142933,2
24.787447911996374,120.997235142933,2
24.787447911996374,120.997235142933,2
24.787447911996374,120.997235142933,2
24.78745701727638,120.99716843175804,2
24.78745701727638,120.99716843175804,2
24.78745701727638,120.99716843175804,2
24.788757983074603,120.99861627667588,2
24.787447911996374,120.997235142933,2
24.7888852532636,120.99839089186824,2
24.787467369993703,120.99709490275887,2
24.789111762209966,120.99527998396988,2
24.78741325869204,120.99756724460453,2
24.787467369993703,120.99709490275887,2
24.787467369993703,120.99709490275887,2
24.787467369993703,120.99709490275887,2
24.787467369993703,120.99709490275887,2
24.78741325869204,120.99756724460453,2
24.78741325869204,120.99756724460453,2
24.78904916962268,120.99527871941726,2
24.789111762209966,120.99527998396988,2
24.78904916962268,120.99527871941726,2
24.787467369993703,120.99709490275887,2
24.787467369993703,120.99709490275887,2
24.78747627623947,120.9970295790638,2
24.787405769544332,120.99764078332772,2
24.787405769544332,120.99764078332772,2
24.78892785562981,120.9983365568133,2
24.78892785562981,120.9983365568133,2
24.78892785562981,120.9983365568133,2
24.78904916962268,120.99527871941726,2
24.78741629660534,120.99749043227912,2
24.78741325869204,120.99756724460453,2
24.788907694805843,120.99836226992788,2
24.789111762209966,120.99527998396988,2
24.788907694805843,120.99836226992788,2
24.789219281403437,120.99528215575714,2
24.78741629660534,120.99749043227912,2
24.788907694805843,120.99836226992788,2
24.788859837419317,120.99842330723148,2
24.788859837419317,120.99842330723148,2
24.787423590956493,120.99743080372474,2
24.787467369993703,120.99709490275887,2
24.78741325869204,120.99756724460453,2
24.789219281403437,120.99528215575714,2
24.78741325869204,120.99756724460453,2
24.78741325869204,120.99756724460453,2
24.788859837419317,120.99842330723148,2
24.78741325869204,120.99756724460453,2
24.7888852532636,120.99839089186824,3
24.787619513961637,120.99635286428143,3
24.787619513961637,120.99635286428143,3
24.78741629660534,120.99749043227912,3
24.78741629660534,120.99749043227912,3
24.787619513961637,120.99635286428143,3
24.787619513961637,120.99635286428143,3
24.78747627623947,120.9970295790638,3
24.787619513961637,120.99635286428143,3
24.78765849725428,120.99582222996388,3
24.78765849725428,120.99582222996388,3
24.78765849725428,120.99582222996388,3
24.789111762209966,120.99527998396988,3
24.789111762209966,120.99527998396988,3
24.789111762209966,120.99527998396988,3
24.78765976013974,120.9957664187406,3
24.78765976013974,120.9957664187406,3
24.78959375506804,120.99685999112828,3
24.78959375506804,120.99685999112828,3
24.78959375506804,120.99685999112828,3
24.78762789798424,120.9962935999881,3
24.78762789798424,120.9962935999881,3
24.78762789798424,120.9962935999881,3
24.78762789798424,120.9962935999881,3
24.78741629660534,120.99749043227912,3
24.787675988709044,120.99551380282432,3
24.787675988709044,120.99551380282432,3
24.7888852532636,120.99839089186824,3
24.7888852532636,120.99839089186824,3
24.78744074661322,120.99791798094324,3
24.78744074661322,120.99791798094324,3
24.78744074661322,120.99791798094324,3
24.787619513961637,120.99635286428143,3
24.789068330282596,120.99817316041565,3
24.78753440256049,120.99812154662922,3
24.789068330282596,120.99817316041565,3
24.78747627623947,120.9970295790638,3
24.78748674898,120.9969559186489,3
24.78802238770812,120.99892536787996,3
24.78802238770812,120.99892536787996,3
24.78802238770812,120.99892536787996,3
24.78802238770812,120.99892536787996,3
24.789068330282596,120.99817316041565,3
24.787991279491283,120.99887417955338,3
24.787991279491283,120.99887417955338,3
24.787991279491283,120.99887417955338,3
24.787991279491283,120.99887417955338,3
24.787991279491283,120.99887417955338,3
24.78747627623947,120.9970295790638,3
24.78783973178787,120.99524710789832,3
24.78783973178787,120.99524710789832,3
24.78783973178787,120.99524710789832,3
24.78747627623947,120.9970295790638,3
24.78747627623947,120.9970295790638,3
24.787896226479155,120.99871878999052,3
24.787896226479155,120.99871878999052,3
24.78748674898,120.9969559186489,3
24.787467369993703,120.99709490275887,3
24.787467369993703,120.99709490275887,3
24.78774765539979,120.9984793489294,3
24.78774765539979,120.9984793489294,3
24.78747627623947,120.9970295790638,3
24.787447911996374,120.997235142933,3
24.78741629660534,120.99749043227912,3
24.78825656719996,120.99930544341208,3
24.78825656719996,120.99930544341208,3
24.787423590956493,120.99743080372474,3
24.78753440256049,120.99812154662922,3
24.78753440256049,120.99812154662922,3
24.78774765539979,120.9984793489294,3
24.787423590956493,120.99743080372474,3
24.787423590956493,120.99743080372474,3
24.787447911996374,120.997235142933,3
24.78809854860073,120.9990493390823,3
24.78748674898,120.9969559186489,3
24.78809854860073,120.9990493390823,3
24.787447911996374,120.997235142933,3
24.787447911996374,120.997235142933,3
24.787447911996374,120.997235142933,3
24.78753138768521,120.99677303461937,3
24.78753138768521,120.99677303461937,3
24.78753138768521,120.99677303461937,3
24.78809854860073,120.9990493390823,3
24.78780955252357,120.99857906808894,4
24.78780955252357,120.99857906808894,4
24.78780955252357,120.99857906808894,4
24.78780955252357,120.99857906808894,4
24.78780955252357,120.99857906808894,4
24.78780955252357,120.99857906808894,4
24.78959375506804,120.99685999112828,4
24.78959375506804,120.99685999112828,4
24.788859837419317,120.99842330723148,4
24.788859837419317,120.99842330723148,4
24.788859837419317,120.99842330723148,4
24.78741629660534,120.99749043227912,4
24.787991279491283,120.99887417955338,4
24.787991279491283,120.99887417955338,4
24.787991279491283,120.99887417955338,4
24.787991279491283,120.99887417955338,4
24.78741629660534,120.99749043227912,4
24.78741629660534,120.99749043227912,4
24.78959375506804,120.99685999112828,4
24.787991279491283,120.99887417955338,4
24.7888852532636,120.99839089186824,5
24.78778254562329,120.99853537285463,5
24.78778254562329,120.99853537285463,5
24.78778254562329,120.99853537285463,5
24.78778254562329,120.99853537285463,5
24.78778254562329,120.99853537285463,5
24.7888852532636,120.99839089186824,5
24.7888852532636,120.99839089186824,5
24.78778254562329,120.99853537285463,5
24.78744182804459,120.99793635942484,2
24.787818773088212,120.998599798506,2
24.787818773088212,120.998599798506,2
24.787818773088212,120.998599798506,2
24.787818773088212,120.998599798506,2
24.787818773088212,120.998599798506,2
24.787783265384864,120.99854255297927,2
24.787783265384864,120.99854255297927,2
24.787783265384864,120.99854255297927,2
24.787746954631952,120.99848464296603,2
24.787746954631952,120.99848464296603,2
24.787746954631952,120.99848464296603,2
24.787746954631952,120.99848464296603,2
24.787746954631952,120.99848464296603,2
24.787746954631952,120.99848464296603,2
24.787746954631952,120.99848464296603,2
24.787746954631952,120.99848464296603,2
24.787746954631952,120.99848464296603,2
24.78770933601406,120.99842493176033,2
24.78770933601406,120.99842493176033,2
24.78770933601406,120.99842493176033,2
24.78766065731737,120.9983471131636,2
24.787818773088212,120.998599798506,2
24.78766065731737,120.9983471131636,2
24.787818773088212,120.998599798506,2
24.787818773088212,120.998599798506,2
24.78789570025399,120.9987231718119,2
24.78789570025399,120.9987231718119,2
24.78789570025399,120.9987231718119,2
24.787933157612624,120.99525342761484,2
24.787933157612624,120.99525342761484,2
24.787933157612624,120.99525342761484,2
24.789495084279626,120.99766545688284,2
24.789495084279626,120.99766545688284,2
24.789495084279626,120.99766545688284,2
24.787933157612624,120.99525342761484,2
24.787933157612624,120.99525342761484,2
24.787933157612624,120.99525342761484,2
24.789495084279626,120.99766545688284,2
24.789495084279626,120.99766545688284,2
24.78945755516246,120.99771460362008,2
24.78945755516246,120.99771460362008,2
24.78945755516246,120.99771460362008,2
24.78945755516246,120.99771460362008,2
24.78945755516246,120.99771460362008,2
24.78941226145404,120.99777534014378,2
24.787818773088212,120.998599798506,2
24.787818773088212,120.998599798506,2
24.78789570025399,120.9987231718119,2
24.78766065731737,120.9983471131636,2
24.78766065731737,120.9983471131636,2
24.78744182804459,120.99793635942484,2
24.78744182804459,120.99793635942484,2
24.78743889297554,120.99788647915096,2
24.78743889297554,120.99788647915096,2
24.78743889297554,120.99788647915096,2
24.78743889297554,120.99788647915096,2
24.78743889297554,120.99788647915096,2
24.78743889297554,120.99788647915096,2
24.78742235648709,120.99776888974834,2
24.78742235648709,120.99776888974834,2
24.78742235648709,120.99776888974834,2
24.78742235648709,120.99776888974834,2
24.78878996889984,120.99528304643098,2
24.78878996889984,120.99528304643098,2
24.78878996889984,120.99528304643098,2
24.78878996889984,120.99528304643098,2
24.78878996889984,120.99528304643098,2
24.78878996889984,120.99528304643098,2
24.78878996889984,120.99528304643098,2
24.788845080569484,120.9952850731778,2
24.788845080569484,120.9952850731778,2
24.78765294211158,120.99606234001446,2
24.78766065731737,120.9983471131636,2
24.78857268601752,120.9952715597928,2
24.78857268601752,120.9952715597928,2
24.78766065731737,120.9983471131636,2
24.78766065731737,120.9983471131636,2
24.787632987508943,120.99830131641852,2
24.787587878470298,120.99822664448016,2
24.787587878470298,120.99822664448016,2
24.787587878470298,120.99822664448016,2
24.787587878470298,120.99822664448016,2
24.787587878470298,120.99822664448016,2
24.788430779558325,120.99526514378202,2
24.788430779558325,120.99526514378202,2
24.788430779558325,120.99526514378202,2
24.78744880340418,120.99805490281952,2
24.78744880340418,120.99805490281952,2
24.78744880340418,120.99805490281952,2
24.78744513945937,120.99799263555482,2
24.78744513945937,120.99799263555482,2
24.78744513945937,120.99799263555482,2
24.789028785349217,120.99822123225178,2
24.789028785349217,120.99822123225178,2
24.789028785349217,120.99822123225178,2
24.789028785349217,120.99822123225178,2
24.78857268601752,120.9952715597928,2
24.78740942048532,120.99762669900151,2
24.78789413648554,120.99525431284604,2
24.78789413648554,120.99525431284604,2
24.78767196746292,120.99558087440386,2
24.78767196746292,120.99558087440386,2
24.78962349789116,120.99705044327402,2
24.78962349789116,120.99705044327402,2
24.787678556419653,120.99547103994072,2
24.787678556419653,120.99547103994072,2
24.787678556419653,120.99547103994072,2
24.787678556419653,120.99547103994072,2
24.787678556419653,120.99547103994072,2
24.787678556419653,120.99547103994072,2
24.787678556419653,120.99547103994072,2
24.78830577885555,120.99936343785714,2
24.78830577885555,120.99936343785714,2
24.787678556419653,120.99547103994072,2
24.787678556419653,120.99547103994072,2
24.78964297321045,120.99709763766224,2
24.78964297321045,120.99709763766224,2
24.78964297321045,120.99709763766224,2
24.788260640895043,120.99930776816576,2
24.788260640895043,120.99930776816576,2
24.787771118405157,120.99526032843436,2
24.789594230620622,120.99686332258652,2
24.787771118405157,120.99526032843436,2
24.789594230620622,120.99686332258652,2
24.789594230620622,120.99686332258652,2
24.7895473709199,120.99651858121048,2
24.7895473709199,120.99651858121048,2
24.7895473709199,120.99651858121048,2
24.787654007295355,120.99601597960977,2
24.787654007295355,120.99601597960977,2
24.787654007295355,120.99601597960977,2
24.787654007295355,120.99601597960977,2
24.787654007295355,120.99601597960977,2
24.787654007295355,120.99601597960977,2
24.789552258988977,120.9965784032145,2
24.789552258988977,120.9965784032145,2
24.789552258988977,120.9965784032145,2
24.787666184698168,120.9957427088903,2
24.787666184698168,120.9957427088903,2
24.787666184698168,120.9957427088903,2
24.787666184698168,120.9957427088903,2
24.787666184698168,120.9957427088903,2
24.787666184698168,120.9957427088903,2
24.787666184698168,120.9957427088903,2
24.789594230620622,120.99686332258652,2
24.789594230620622,120.99686332258652,2
24.789594230620622,120.99686332258652,2
24.78789413648554,120.99525431284604,2
24.787771118405157,120.99526032843436,2
24.787771118405157,120.99526032843436,2
24.78964243586787,120.99744723765124,2
24.788051884348384,120.99897674530784,2
24.788051884348384,120.99897674530784,2
24.788051884348384,120.99897674530784,2
24.788051884348384,120.99897674530784,2
24.788051884348384,120.99897674530784,2
24.788051884348384,120.99897674530784,2
24.788051884348384,120.99897674530784,2
24.788051884348384,120.99897674530784,2
24.788051884348384,120.99897674530784,2
24.788051884348384,120.99897674530784,2
24.7880121376498,120.99891197940212,2
24.7880121376498,120.99891197940212,2
24.78797632039426,120.99885392248788,2
24.78797632039426,120.99885392248788,2
24.78797632039426,120.99885392248788,2
24.787933263016,120.99878385549,2
24.787933263016,120.99878385549,2
24.787933263016,120.99878385549,2
24.787933263016,120.99878385549,2
24.78789413648554,120.99525431284604,2
24.78964243586787,120.99744723765124,2
24.787771118405157,120.99526032843436,2
24.78964243586787,120.99744723765124,2
24.788051884348384,120.99897674530784,2
24.787771118405157,120.99526032843436,2
24.787771118405157,120.99526032843436,2
24.787771118405157,120.99526032843436,2
24.78778902176489,120.99525223934867,2
24.78778902176489,120.99525223934867,2
24.78778902176489,120.99525223934867,2
24.78971819974437,120.99725469392556,2
24.78971819974437,120.99725469392556,2
24.78809521782932,120.99904669234584,2
24.787806066836268,120.9952526816832,2
24.787806066836268,120.9952526816832,2
24.787806066836268,120.9952526816832,2
24.78809521782932,120.99904669234584,2
24.78809521782932,120.99904669234584,2
24.787412206656654,120.9974104925915,2
24.78809521782932,120.99904669234584,2
24.788051884348384,120.99897674530784,2
24.788051884348384,120.99897674530784,2
24.788051884348384,120.99897674530784,2
24.788051884348384,120.99897674530784,2
24.788051884348384,120.99897674530784,2
24.788051884348384,120.99897674530784,2
24.78740942048532,120.99762669900151,2
24.78765294211158,120.99606234001446,2
24.787541969741124,120.99679206601658,2
24.78752392386144,120.99688203163466,2
24.78752392386144,120.99688203163466,2
24.78752392386144,120.99688203163466,2
24.787630959030498,120.9963191922922,2
24.787630959030498,120.9963191922922,2
24.787630959030498,120.9963191922922,2
24.78753300588026,120.99683085232073,2
24.78753300588026,120.99683085232073,2
24.78752392386144,120.99688203163466,2
24.78753300588026,120.99683085232073,2
24.78753300588026,120.99683085232073,2
24.787630959030498,120.9963191922922,2
24.787541969741124,120.99679206601658,2
24.787541969741124,120.99679206601658,2
24.787630959030498,120.9963191922922,2
24.787630959030498,120.9963191922922,2
24.78762355809984,120.99638055122848,2
24.78874264126529,120.99911528428282,2
24.78753300588026,120.99683085232073,2
24.78874264126529,120.99911528428282,2
24.78752392386144,120.99688203163466,2
24.78752392386144,120.99688203163466,2
24.78762355809984,120.99638055122848,2
24.787630959030498,120.9963191922922,2
24.78872492854921,120.9988691102885,2
24.78872492854921,120.9988691102885,2
24.78748986898811,120.99694962286196,2
24.78748986898811,120.99694962286196,2
24.78748986898811,120.99694962286196,2
24.78748986898811,120.99694962286196,2
24.78752392386144,120.99688203163466,2
24.78748986898811,120.99694962286196,2
24.78748986898811,120.99694962286196,2
24.787630959030498,120.9963191922922,2
24.78748986898811,120.99694962286196,2
24.78748986898811,120.99694962286196,2
24.78748986898811,120.99694962286196,2
24.78748986898811,120.99694962286196,2
24.78752392386144,120.99688203163466,2
24.78752392386144,120.99688203163466,2
24.78748986898811,120.99694962286196,2
24.78874264126529,120.99911528428282,2
24.78874264126529,120.99911528428282,2
24.78874264126529,120.99911528428282,2
24.78758416975575,120.99662204464286,2
24.78758416975575,120.99662204464286,2
24.78758416975575,120.99662204464286,2
24.789532780994616,120.9959479739487,2
24.789532780994616,120.9959479739487,2
24.789532780994616,120.9959479739487,2
24.789532780994616,120.9959479739487,2
24.787614627552383,120.99644855921716,2
24.78758416975575,120.99662204464286,2
24.787614627552383,120.99644855921716,2
24.78762355809984,120.99638055122848,2
24.78762355809984,120.99638055122848,2
24.78762355809984,120.99638055122848,2
24.78953171323512,120.9960411039339,2
24.78953171323512,120.9960411039339,2
24.78953171323512,120.9960411039339,2
24.78762355809984,120.99638055122848,2
24.78762355809984,120.99638055122848,2
24.787614627552383,120.99644855921716,2
24.78762355809984,120.99638055122848,2
24.78762355809984,120.99638055122848,2
24.78762355809984,120.99638055122848,2
24.78874264126529,120.99911528428282,2
24.78874264126529,120.99911528428282,2
24.7875742405061,120.99665655001444,2
24.7875742405061,120.99665655001444,2
24.7875742405061,120.99665655001444,2
24.7875742405061,120.99665655001444,2
24.7875742405061,120.99665655001444,2
24.7875742405061,120.99665655001444,2
24.7875742405061,120.99665655001444,2
24.7875742405061,120.99665655001444,2
24.78758416975575,120.99662204464286,2
24.78758416975575,120.99662204464286,2
24.78758416975575,120.99662204464286,2
24.78758416975575,120.99662204464286,2
24.78758416975575,120.99662204464286,2
24.78758416975575,120.99662204464286,2
24.78758416975575,120.99662204464286,2
24.78758416975575,120.99662204464286,2
24.78758416975575,120.99662204464286,2
24.787630959030498,120.9963191922922,2
24.787630959030498,120.9963191922922,2
24.787630959030498,120.9963191922922,2
24.789334074636997,120.99530011976996,2
24.78742075568642,120.99759950236844,2
24.78742075568642,120.99759950236844,2
24.78742075568642,120.99759950236844,2
24.78742075568642,120.99759950236844,2
24.78742075568642,120.99759950236844,2
24.78742075568642,120.99759950236844,2
24.787422237624828,120.9975555764862,2
24.78742328457477,120.99752454404344,2
24.78742328457477,120.99752454404344,2
24.78742328457477,120.99752454404344,2
24.78742328457477,120.99752454404344,2
24.78742328457477,120.99752454404344,2
24.78742328457477,120.99752454404344,2
24.78742328457477,120.99752454404344,2
24.78764582113153,120.99621306560908,2
24.787638525739737,120.99625908436438,2
24.787638525739737,120.99625908436438,2
24.787638525739737,120.99625908436438,2
24.787630959030498,120.9963191922922,2
24.78742075568642,120.99759950236844,2
24.78742487581513,120.9974773783836,2
24.78742075568642,120.99759950236844,2
24.78742075568642,120.99759950236844,2
24.78765157039297,120.9961146262722,2
24.78765157039297,120.9961146262722,2
24.78765001804652,120.99617531484613,2
24.78765001804652,120.99617531484613,2
24.78765001804652,120.99617531484613,2
24.78765001804652,120.99617531484613,2
24.78765001804652,120.99617531484613,2
24.78765001804652,120.99617531484613,2
24.787418635760567,120.99766233870862,2
24.787418635760567,120.99766233870862,2
24.787418635760567,120.99766233870862,2
24.787418635760567,120.99766233870862,2
24.787418635760567,120.99766233870862,2
24.787418635760567,120.99766233870862,2
24.78742075568642,120.99759950236844,2
24.78765001804652,120.99617531484613,2
24.78765001804652,120.99617531484613,2
24.78764582113153,120.99621306560908,2
24.78742075568642,120.99759950236844,2
24.78742075568642,120.99759950236844,2
24.78742487581513,120.9974773783836,2
24.78742487581513,120.9974773783836,2
24.787412206656654,120.9974104925915,2
24.78919773362045,120.99526747927456,2
24.787412206656654,120.9974104925915,2
24.787638525739737,120.99625908436438,2
24.787638525739737,120.99625908436438,2
24.787638525739737,120.99625908436438,2
24.787638525739737,120.99625908436438,2
24.787638525739737,120.99625908436438,2
24.787638525739737,120.99625908436438,2
24.787412206656654,120.9974104925915,2
24.787412206656654,120.9974104925915,2
24.787412206656654,120.9974104925915,2
24.787638525739737,120.99625908436438,2
24.787638525739737,120.99625908436438,2
24.787630959030498,120.9963191922922,2
24.787630959030498,120.9963191922922,2
24.787630959030498,120.9963191922922,2
24.787630959030498,120.9963191922922,2
24.789334074636997,120.99530011976996,2
24.787412206656654,120.9974104925915,2
24.78919773362045,120.99526747927456,2
24.78762355809984,120.99638055122848,2
24.78742487581513,120.9974773783836,2
24.78742487581513,120.9974773783836,2
24.78742487581513,120.9974773783836,2
24.78742487581513,120.9974773783836,2
24.78742487581513,120.9974773783836,2
24.78742487581513,120.9974773783836,2
24.78742487581513,120.9974773783836,2
24.78919773362045,120.99526747927456,2
24.78742487581513,120.9974773783836,2
24.78742487581513,120.9974773783836,2
24.78919773362045,120.99526747927456,2
24.78919773362045,120.99526747927456,2
24.78919773362045,120.99526747927456,2
24.78742487581513,120.9974773783836,2
24.787630959030498,120.9963191922922,3
24.78821966222018,120.9992458262982,3
24.787667479024087,120.9956897002136,3
24.787630959030498,120.9963191922922,3
24.78821966222018,120.9992458262982,3
24.78764582113153,120.99621306560908,3
24.78764582113153,120.99621306560908,3
24.787667479024087,120.9956897002136,3
24.789594230620622,120.99686332258652,3
24.789594230620622,120.99686332258652,3
24.787630959030498,120.9963191922922,3
24.78764582113153,120.99621306560908,3
24.78821966222018,120.9992458262982,3
24.788844595393368,120.99842539597464,3
24.787746954631952,120.99848464296603,3
24.78747437199396,120.9970376007451,3
24.78745085018147,120.99717583711916,3
24.78745085018147,120.99717583711916,3
24.787746954631952,120.99848464296603,3
24.787746954631952,120.99848464296603,3
24.787746954631952,120.99848464296603,3
24.787746954631952,120.99848464296603,3
24.78747437199396,120.9970376007451,3
24.787746954631952,120.99848464296603,3
24.78742235648709,120.99776888974834,3
24.78742235648709,120.99776888974834,3
24.78744513945937,120.99799263555482,3
24.787746954631952,120.99848464296603,3
24.78744513945937,120.99799263555482,3
24.787746954631952,120.99848464296603,3
24.78744513945937,120.99799263555482,3
24.787746954631952,120.99848464296603,3
24.78748986898811,120.99694962286196,3
24.78747437199396,120.9970376007451,3
24.78748986898811,120.99694962286196,3
24.788844595393368,120.99842539597464,3
24.787933263016,120.99878385549,3
24.787933263016,120.99878385549,3
24.787933263016,120.99878385549,3
24.787933263016,120.99878385549,3
24.787933263016,120.99878385549,3
24.78748986898811,120.99694962286196,3
24.78740942048532,120.99762669900151,3
24.78740942048532,120.99762669900151,3
24.78740942048532,120.99762669900151,3
24.787933263016,120.99878385549,3
24.788844595393368,120.99842539597464,3
24.78740942048532,120.99762669900151,3
24.78740942048532,120.99762669900151,3
24.78740942048532,120.99762669900151,3
24.78742235648709,120.99776888974834,3
24.78740942048532,120.99762669900151,3
24.78744880340418,120.99805490281952,4
24.78744513945937,120.99799263555482,4
24.78744513945937,120.99799263555482,4
24.78744880340418,120.99805490281952,4
24.78744880340418,120.99805490281952,4
24.788051884348384,120.99897674530784,4
24.789594230620622,120.99686332258652,4
24.788051884348384,120.99897674530784,4
24.78821966222018,120.9992458262982,4
24.788260640895043,120.99930776816576,4
24.788260640895043,120.99930776816576,4
24.788260640895043,120.99930776816576,4
24.78753300588026,120.99683085232073,4
24.78752392386144,120.99688203163466,4
24.78752392386144,120.99688203163466,4
24.78752392386144,120.99688203163466,4
24.788051884348384,120.99897674530784,4
24.789594230620622,120.99686332258652,4
24.789594230620622,120.99686332258652,4
24.787746954631952,120.99848464296603,5
24.787746954631952,120.99848464296603,5
24.787746954631952,120.99848464296603,5
24.787746954631952,120.99848464296603,5
24.787746954631952,120.99848464296603,5
24.787746954631952,120.99848464296603,5
24.787667479024087,120.9956897002136,5
24.787667479024087,120.9956897002136,5
24.787667479024087,120.9956897002136,5
24.787667479024087,120.9956897002136,5
24.789594230620622,120.99686332258652,5
24.789594230620622,120.99686332258652,5
24.7886260815816,120.99526551742817,2
24.787437264214702,120.9978587990415,2
24.787437264214702,120.9978587990415,2
24.787437264214702,120.9978587990415,2
24.787437264214702,120.9978587990415,2
24.78824710245068,120.99928980133237,2
24.78824710245068,120.99928980133237,2
24.78824710245068,120.99928980133237,2
24.787437264214702,120.9978587990415,2
24.787437264214702,120.9978587990415,2
24.787437264214702,120.9978587990415,2
24.787437264214702,120.9978587990415,2
24.787437264214702,120.9978587990415,2
24.78908882477858,120.99814695162748,2
24.78908882477858,120.99814695162748,2
24.78908882477858,120.99814695162748,2
24.78908882477858,120.99814695162748,2
24.78824710245068,120.99928980133237,2
24.78905245222675,120.99819079463194,2
24.78905245222675,120.99819079463194,2
24.78905245222675,120.99819079463194,2
24.78824710245068,120.99928980133237,2
24.787420939230596,120.99771833452716,2
24.787420939230596,120.99771833452716,2
24.787420939230596,120.99771833452716,2
24.78908882477858,120.99814695162748,2
24.787420939230596,120.99771833452716,2
24.7891252236052,120.99810291297574,2
24.7891252236052,120.99810291297574,2
24.789475345622435,120.99768084294053,2
24.787583239593065,120.99820238976152,2
24.787583239593065,120.99820238976152,2
24.787583239593065,120.99820238976152,2
24.787583239593065,120.99820238976152,2
24.78755118091785,120.99814932093906,2
24.78755118091785,120.99814932093906,2
24.78755118091785,120.99814932093906,2
24.78755118091785,120.99814932093906,2
24.78755118091785,120.99814932093906,2
24.788281746386417,120.99934410615346,2
24.7891252236052,120.99810291297574,2
24.788281746386417,120.99934410615346,2
24.787476015663326,120.99802489497915,2
24.787476015663326,120.99802489497915,2
24.787476015663326,120.99802489497915,2
24.787476015663326,120.99802489497915,2
24.787476015663326,120.99802489497915,2
24.78744086642395,120.99792001707848,2
24.78744086642395,120.99792001707848,2
24.78744086642395,120.99792001707848,2
24.78744086642395,120.99792001707848,2
24.78744086642395,120.99792001707848,2
24.78744086642395,120.99792001707848,2
24.787476015663326,120.99802489497915,2
24.787420939230596,120.99771833452716,2
24.787420939230596,120.99771833452716,2
24.787420939230596,120.99771833452716,2
24.787420731151364,120.9976002296193,2
24.787420731151364,120.9976002296193,2
24.787420731151364,120.9976002296193,2
24.78742187853555,120.99756622019868,2
24.78742187853555,120.99756622019868,2
24.78742187853555,120.99756622019868,2
24.78742187853555,120.99756622019868,2
24.78742187853555,120.99756622019868,2
24.78742187853555,120.99756622019868,2
24.78742187853555,120.99756622019868,2
24.78742262954705,120.99754395960618,2
24.787420731151364,120.9976002296193,2
24.78742262954705,120.99754395960618,2
24.78742262954705,120.99754395960618,2
24.78742262954705,120.99754395960618,2
24.78742262954705,120.99754395960618,2
24.78742262954705,120.99754395960618,2
24.78742262954705,120.99754395960618,2
24.78742262954705,120.99754395960618,2
24.78742262954705,120.99754395960618,2
24.78742262954705,120.99754395960618,2
24.78742262954705,120.99754395960618,2
24.78742262954705,120.99754395960618,2
24.787676200046548,120.99551027787764,2
24.78742262954705,120.99754395960618,2
24.787420731151364,120.9976002296193,2
24.787420731151364,120.9976002296193,2
24.788751446477832,120.99526900592222,2
24.787420939230596,120.99771833452716,2
24.789594690869137,120.99686654681042,2
24.789594690869137,120.99686654681042,2
24.789594690869137,120.99686654681042,2
24.787420939230596,120.99771833452716,2
24.787420939230596,120.99771833452716,2
24.787420939230596,120.99771833452716,2
24.7876518028089,120.99608954042196,2
24.7886260815816,120.99526551742817,2
24.7886260815816,120.99526551742817,2
24.78902101919096,120.9982285521121,2
24.78902101919096,120.9982285521121,2
24.78902101919096,120.9982285521121,2
24.78902101919096,120.9982285521121,2
24.78741892238108,120.99765384306151,2
24.78741892238108,120.99765384306151,2
24.789594690869137,120.99686654681042,2
24.789594690869137,120.99686654681042,2
24.788281746386417,120.99934410615346,2
24.78741892238108,120.99765384306151,2
24.78741892238108,120.99765384306151,2
24.787420731151364,120.9976002296193,2
24.787420731151364,120.9976002296193,2
24.787420731151364,120.9976002296193,2
24.788751446477832,120.99526900592222,2
24.789475345622435,120.99768084294053,2
24.789475345622435,120.99768084294053,2
24.789475345622435,120.99768084294053,2
24.789475345622435,120.99768084294053,2
24.78817266092073,120.9991684611225,2
24.78817266092073,120.9991684611225,2
24.78817266092073,120.9991684611225,2
24.78768383525197,120.995383294187,2
24.78768383525197,120.995383294187,2
24.78768383525197,120.995383294187,2
24.78768383525197,120.995383294187,2
24.78768383525197,120.995383294187,2
24.789711844411887,120.99729249516832,2
24.789711844411887,120.99729249516832,2
24.789711844411887,120.99729249516832,2
24.78817266092073,120.9991684611225,2
24.78768383525197,120.995383294187,2
24.78817266092073,120.9991684611225,2
24.78799817884521,120.99888214728618,2
24.78799817884521,120.99888214728618,2
24.78799817884521,120.99888214728618,2
24.789711844411887,120.99729249516832,2
24.789711844411887,120.99729249516832,2
24.789711844411887,120.99729249516832,2
24.7877759845146,120.99526165248722,2
24.7877759845146,120.99526165248722,2
24.7877759845146,120.99526165248722,2
24.787787994641096,120.99525844530346,2
24.78768383525197,120.995383294187,2
24.78817266092073,120.9991684611225,2
24.78813964729303,120.99911452576262,2
24.78803430849205,120.99894179551234,2
24.787676200046548,120.99551027787764,2
24.787676200046548,120.99551027787764,2
24.787676200046548,120.99551027787764,2
24.787676200046548,120.99551027787764,2
24.787676200046548,120.99551027787764,2
24.787676200046548,120.99551027787764,2
24.787676200046548,120.99551027787764,2
24.787676200046548,120.99551027787764,2
24.78813964729303,120.99911452576262,2
24.78813964729303,120.99911452576262,2
24.78813964729303,120.99911452576262,2
24.78813964729303,120.99911452576262,2
24.78813964729303,120.99911452576262,2
24.788102176147756,120.999053073712,2
24.788102176147756,120.999053073712,2
24.788102176147756,120.999053073712,2
24.788102176147756,120.999053073712,2
24.78806808965593,120.9989970355664,2
24.78806808965593,120.9989970355664,2
24.78806808965593,120.9989970355664,2
24.789723160875724,120.99722518533471,2
24.789723160875724,120.99722518533471,2
24.789723160875724,120.99722518533471,2
24.78803430849205,120.99894179551234,2
24.78803430849205,120.99894179551234,2
24.787787994641096,120.99525844530346,2
24.78742403014237,120.9975024448173,2
24.787787994641096,120.99525844530346,2
24.787787994641096,120.99525844530346,2
24.78781116368927,120.998579279425,2
24.78781116368927,120.998579279425,2
24.78781116368927,120.998579279425,2
24.78781116368927,120.998579279425,2
24.78781116368927,120.998579279425,2
24.78781116368927,120.998579279425,2
24.78781116368927,120.998579279425,2
24.78781116368927,120.998579279425,2
24.787776836385568,120.99852345730396,2
24.787776836385568,120.99852345730396,2
24.787776836385568,120.99852345730396,2
24.78789482989447,120.99524884739404,2
24.787776836385568,120.99852345730396,2
24.7879501109448,120.99525005909122,2
24.7879501109448,120.99525005909122,2
24.7879501109448,120.99525005909122,2
24.78773994791176,120.9984642213656,2
24.78773994791176,120.9984642213656,2
24.789475345622435,120.99768084294053,2
24.789475345622435,120.99768084294053,2
24.789475345622435,120.99768084294053,2
24.78773994791176,120.9984642213656,2
24.78773994791176,120.9984642213656,2
24.789475345622435,120.99768084294053,2
24.787776836385568,120.99852345730396,2
24.78789482989447,120.99524884739404,2
24.78786074059246,120.99524801806976,2
24.78786074059246,120.99524801806976,2
24.78779220955604,120.99525232207344,2
24.78793868158378,120.99878493895542,2
24.78793868158378,120.99878493895542,2
24.78793868158378,120.99878493895542,2
24.78793868158378,120.99878493895542,2
24.78779220955604,120.99525232207344,2
24.78779220955604,120.99525232207344,2
24.78779220955604,120.99525232207344,2
24.78779220955604,120.99525232207344,2
24.78790648996573,120.99873311604507,2
24.78790648996573,120.99873311604507,2
24.78790648996573,120.99873311604507,2
24.78784136291721,120.99862810317856,2
24.78784136291721,120.99862810317856,2
24.78784136291721,120.99862810317856,2
24.78784136291721,120.99862810317856,2
24.78784136291721,120.99862810317856,2
24.78784136291721,120.99862810317856,2
24.78817266092073,120.9991684611225,2
24.78817266092073,120.9991684611225,2
24.78824710245068,120.99928980133237,2
24.78824710245068,120.99928980133237,2
24.78824710245068,120.99928980133237,2
24.78824710245068,120.99928980133237,2
24.78786074059246,120.99524801806976,2
24.787787994641096,120.99525844530346,2
24.78742403014237,120.9975024448173,2
24.78742262954705,120.99754395960618,2
24.78742403014237,120.9975024448173,2
24.78760406436689,120.9964669342178,2
24.78953449976742,120.99595970355752,2
24.78953449976742,120.99595970355752,2
24.78953449976742,120.99595970355752,2
24.78760406436689,120.9964669342178,2
24.78760406436689,120.9964669342178,2
24.78760406436689,120.9964669342178,2
24.78760406436689,120.9964669342178,2
24.78760406436689,120.9964669342178,2
24.78760406436689,120.9964669342178,2
24.78760406436689,120.9964669342178,2
24.787611259263844,120.99640849641844,2
24.787611259263844,120.99640849641844,2
24.787653238865577,120.99602881748542,2
24.787653238865577,120.99602881748542,2
24.787653238865577,120.99602881748542,2
24.787653238865577,120.99602881748542,2
24.787653238865577,120.99602881748542,2
24.787611259263844,120.99640849641844,2
24.787611259263844,120.99640849641844,2
24.787611259263844,120.99640849641844,2
24.78761772124984,120.99635881022373,2
24.78761772124984,120.99635881022373,2
24.78761772124984,120.99635881022373,2
24.78761772124984,120.99635881022373,2
24.78760406436689,120.9964669342178,2
24.78761772124984,120.99635881022373,2
24.78760406436689,120.9964669342178,2
24.78759667667137,120.99652163717587,2
24.78872033183754,120.99889062717584,2
24.78749541673185,120.99692186158546,2
24.78749541673185,120.99692186158546,2
24.78749541673185,120.99692186158546,2
24.78749541673185,120.99692186158546,2
24.787499555464304,120.99691106079,2
24.787499555464304,120.99691106079,2
24.787499555464304,120.99691106079,2
24.787540700347645,120.99678874075694,2
24.787540700347645,120.99678874075694,2
24.78755574453755,120.9967164568995,2
24.78755574453755,120.9967164568995,2
24.78755574453755,120.9967164568995,2
24.78755574453755,120.9967164568995,2
24.78755574453755,120.9967164568995,2
24.78755574453755,120.9967164568995,2
24.78755574453755,120.9967164568995,2
24.78755574453755,120.9967164568995,2
24.78755574453755,120.9967164568995,2
24.78869615079072,120.9991153434666,2
24.78869615079072,120.9991153434666,2
24.78869615079072,120.9991153434666,2
24.78759667667137,120.99652163717587,2
24.78759667667137,120.99652163717587,2
24.78759667667137,120.99652163717587,2
24.78760406436689,120.9964669342178,2
24.78872033183754,120.99889062717584,2
24.78761772124984,120.99635881022373,2
24.78761772124984,120.99635881022373,2
24.78763125300079,120.99626676110525,2
24.78763125300079,120.99626676110525,2
24.78763806569742,120.9962267988338,2
24.78763806569742,120.9962267988338,2
24.78763806569742,120.9962267988338,2
24.78763806569742,120.9962267988338,2
24.78763806569742,120.9962267988338,2
24.78763806569742,120.9962267988338,2
24.78763806569742,120.9962267988338,2
24.78763806569742,120.9962267988338,2
24.78765034222538,120.99614646216872,2
24.78765034222538,120.99614646216872,2
24.78765034222538,120.99614646216872,2
24.78765034222538,120.99614646216872,2
24.78765034222538,120.99614646216872,2
24.78765034222538,120.99614646216872,2
24.7876518028089,120.99608954042196,2
24.7876518028089,120.99608954042196,2
24.78954960268092,120.99654589432696,2
24.78954960268092,120.99654589432696,2
24.78954960268092,120.99654589432696,2
24.78954960268092,120.99654589432696,2
24.78954960268092,120.99654589432696,2
24.78954960268092,120.99654589432696,2
24.7876518028089,120.99608954042196,2
24.78763125300079,120.99626676110525,2
24.78761772124984,120.99635881022373,2
24.787624232457887,120.9963143297322,2
24.787624232457887,120.9963143297322,2
24.78761772124984,120.99635881022373,2
24.78761772124984,120.99635881022373,2
24.78761772124984,120.99635881022373,2
24.78761772124984,120.99635881022373,2
24.787653238865577,120.99602881748542,2
24.787653238865577,120.99602881748542,2
24.7876518028089,120.99608954042196,2
24.7876518028089,120.99608954042196,2
24.7876518028089,120.99608954042196,2
24.787624232457887,120.9963143297322,2
24.787624232457887,120.9963143297322,2
24.787624232457887,120.9963143297322,2
24.787624232457887,120.9963143297322,2
24.7876518028089,120.99608954042196,2
24.7876518028089,120.99608954042196,2
24.7876518028089,120.99608954042196,2
24.7876518028089,120.99608954042196,2
24.7876518028089,120.99608954042196,2
24.787624232457887,120.9963143297322,2
24.787624232457887,120.9963143297322,2
24.787624232457887,120.9963143297322,2
24.787624232457887,120.9963143297322,2
24.78952953310357,120.99619942053108,2
24.78952953310357,120.99619942053108,2
24.78953015265516,120.99628002610312,2
24.787624232457887,120.9963143297322,2
24.78742403014237,120.9975024448173,2
24.78872033183754,120.99889062717584,2
24.78872745909017,120.99883785183856,2
24.78888911894218,120.99838596158338,2
24.78888911894218,120.99838596158338,2
24.78888911894218,120.99838596158338,2
24.78888911894218,120.99838596158338,2
24.78888911894218,120.99838596158338,2
24.78888911894218,120.99838596158338,2
24.788840221653118,120.99840289406382,2
24.787428396415145,120.99734645034918,2
24.787428396415145,120.99734645034918,2
24.787428396415145,120.99734645034918,2
24.787434027631367,120.9973105008388,2
24.787434027631367,120.9973105008388,2
24.787434027631367,120.9973105008388,2
24.787434027631367,120.9973105008388,2
24.787434027631367,120.9973105008388,2
24.787434027631367,120.9973105008388,2
24.787434027631367,120.9973105008388,2
24.787434027631367,120.9973105008388,2
24.787434027631367,120.9973105008388,2
24.789215285346987,120.99528123824015,2
24.789215285346987,120.99528123824015,2
24.789215285346987,120.99528123824015,2
24.787654924653147,120.9959603055129,2
24.787654924653147,120.9959603055129,2
24.787654924653147,120.9959603055129,2
24.78888911894218,120.99838596158338,2
24.787654924653147,120.9959603055129,2
24.78888911894218,120.99838596158338,2
24.78888911894218,120.99838596158338,2
24.78742403014237,120.9975024448173,2
24.788874355912917,120.9984047909115,2
24.788874355912917,120.9984047909115,2
24.788874355912917,120.9984047909115,2
24.788912449363075,120.998356205966,2
24.788912449363075,120.998356205966,2
24.788912449363075,120.998356205966,2
24.788912449363075,120.998356205966,2
24.788281746386417,120.99934410615346,2
24.788281746386417,120.99934410615346,2
24.787666025979664,120.99574920916784,2
24.787425518156763,120.99745833887587,2
24.787425518156763,120.99745833887587,2
24.787425518156763,120.99745833887587,2
24.787666025979664,120.99574920916784,2
24.787666025979664,120.99574920916784,2
24.787666025979664,120.99574920916784,2
24.78765845995242,120.99579743540347,2
24.78765845995242,120.99579743540347,2
24.78765845995242,120.99579743540347,2
24.78765845995242,120.99579743540347,2
24.787654924653147,120.9959603055129,2
24.78888911894218,120.99838596158338,2
24.78888911894218,120.99838596158338,2
24.78888911894218,120.99838596158338,2
24.78888911894218,120.99838596158338,2
24.78872033183754,120.99889062717584,2
24.787440217273904,120.9972653497198,2
24.787440217273904,120.9972653497198,2
24.787467162835163,120.9970966924395,2
24.787467162835163,120.9970966924395,2
24.787467162835163,120.9970966924395,2
24.787467162835163,120.9970966924395,2
24.787467162835163,120.9970966924395,2
24.787467162835163,120.9970966924395,2
24.787467162835163,120.9970966924395,2
24.787467162835163,120.9970966924395,2
24.787467162835163,120.9970966924395,2
24.787467162835163,120.9970966924395,2
24.787467162835163,120.9970966924395,2
24.787467162835163,120.9970966924395,2
24.787467162835163,120.9970966924395,2
24.787654924653147,120.9959603055129,2
24.78874396025797,120.99872207046846,2
24.78874396025797,120.99872207046846,2
24.787653238865577,120.99602881748542,2
24.787653238865577,120.99602881748542,2
24.78872745909017,120.99883785183856,2
24.78872745909017,120.99883785183856,2
24.78872745909017,120.99883785183856,2
24.78872745909017,120.99883785183856,2
24.78872745909017,120.99883785183856,2
24.78872745909017,120.99883785183856,2
24.78872745909017,120.99883785183856,2
24.78872745909017,120.99883785183856,2
24.787654924653147,120.9959603055129,2
24.787440217273904,120.9972653497198,2
24.787458455970786,120.99715063170234,2
24.787458455970786,120.99715063170234,2
24.787440217273904,120.9972653497198,2
24.787440217273904,120.9972653497198,2
24.787440217273904,120.9972653497198,2
24.7887672041498,120.9985538357274,2
24.7887672041498,120.9985538357274,2
24.7887672041498,120.9985538357274,2
24.7887672041498,120.9985538357274,2
24.7887672041498,120.9985538357274,2
24.787458455970786,120.99715063170234,2
24.7887672041498,120.9985538357274,2
24.787676200046548,120.99551027787764,2
24.788759210662672,120.99861236150667,2
24.787458455970786,120.99715063170234,2
24.787458455970786,120.99715063170234,2
24.788759210662672,120.99861236150667,2
24.788759210662672,120.99861236150667,2
24.787458455970786,120.99715063170234,2
24.788759210662672,120.99861236150667,2
24.788759210662672,120.99861236150667,2
24.788759210662672,120.99861236150667,2
24.788759210662672,120.99861236150667,2
24.78799817884521,120.99888214728618,3
24.78824710245068,120.99928980133237,3
24.789594690869137,120.99686654681042,3
24.789594690869137,120.99686654681042,3
24.789594690869137,120.99686654681042,3
24.78824710245068,120.99928980133237,3
24.78824710245068,120.99928980133237,3
24.7876518028089,120.99608954042196,3
24.788102176147756,120.999053073712,3
24.787420939230596,120.99771833452716,3
24.787420939230596,120.99771833452716,3
24.787420939230596,120.99771833452716,3
24.787420939230596,120.99771833452716,3
24.78898328614073,120.99827394411668,3
24.78898328614073,120.99827394411668,3
24.78898328614073,120.99827394411668,3
24.788912449363075,120.998356205966,3
24.788912449363075,120.998356205966,3
24.787624232457887,120.9963143297322,3
24.788102176147756,120.999053073712,3
24.788912449363075,120.998356205966,3
24.788912449363075,120.998356205966,3
24.78747621583104,120.997042300504,3
24.78761772124984,120.99635881022373,3
24.78761772124984,120.99635881022373,3
24.788912449363075,120.998356205966,3
24.788912449363075,120.998356205966,3
24.78761772124984,120.99635881022373,3
24.787611259263844,120.99640849641844,3
24.787611259263844,120.99640849641844,3
24.787611259263844,120.99640849641844,3
24.787611259263844,120.99640849641844,3
24.787611259263844,120.99640849641844,3
24.789215285346987,120.99528123824015,3
24.789215285346987,120.99528123824015,3
24.789215285346987,120.99528123824015,3
24.789215285346987,120.99528123824015,3
24.78761772124984,120.99635881022373,3
24.787420939230596,120.99771833452716,3
24.787420939230596,120.99771833452716,3
24.787420939230596,120.99771833452716,3
24.788102176147756,120.999053073712,3
24.788102176147756,120.999053073712,3
24.787676200046548,120.99551027787764,3
24.787676200046548,120.99551027787764,3
24.787676200046548,120.99551027787764,3
24.787676200046548,120.99551027787764,3
24.787678748826075,120.99546784170995,3
24.787678748826075,120.99546784170995,3
24.788102176147756,120.999053073712,3
24.78799817884521,120.99888214728618,3
24.78799817884521,120.99888214728618,3
24.78799817884521,120.99888214728618,3
24.787420939230596,120.99771833452716,3
24.78799817884521,120.99888214728618,3
24.78799817884521,120.99888214728618,3
24.78799817884521,120.99888214728618,3
24.787420939230596,120.99771833452716,3
24.787420939230596,120.99771833452716,3
24.787624232457887,120.9963143297322,3
24.787624232457887,120.9963143297322,3
24.78799817884521,120.99888214728618,3
24.787624232457887,120.9963143297322,3
24.787624232457887,120.9963143297322,3
24.787624232457887,120.9963143297322,3
24.7876518028089,120.99608954042196,3
24.7876518028089,120.99608954042196,3
24.78784136291721,120.99862810317856,3
24.78784136291721,120.99862810317856,3
24.787624232457887,120.9963143297322,3
24.78747621583104,120.997042300504,3
24.787481590042745,120.99700136607244,4
24.787481590042745,120.99700136607244,4
24.787666025979664,120.99574920916784,4
24.787666025979664,120.99574920916784,4
24.78784136291721,120.99862810317856,4
24.78784136291721,120.99862810317856,4
24.789594690869137,120.99686654681042,4
24.789594690869137,120.99686654681042,4
24.789594690869137,120.99686654681042,4
24.789594690869137,120.99686654681042,4
24.789594690869137,120.99686654681042,4
24.789594690869137,120.99686654681042,4
24.78784136291721,120.99862810317856,4
24.787437264214702,120.9978587990415,4
24.787437264214702,120.9978587990415,4
24.787437264214702,120.9978587990415,4
24.787437264214702,120.9978587990415,4
24.78781116368927,120.998579279425,4
24.788912449363075,120.998356205966,5
24.788912449363075,120.998356205966,5
24.788912449363075,120.998356205966,5
24.788912449363075,120.998356205966,5
24.788912449363075,120.998356205966,5
